(498, 85)
(321, 82)
(13, 85)
(308, 311)
(542, 166)
(695, 234)
(758, 319)
(667, 63)
(73, 172)
(390, 9)
(401, 48)
(242, 118)
(188, 249)
(735, 44)
(184, 220)
(456, 495)
(643, 241)
(263, 351)
(187, 347)
(277, 291)
(701, 282)
(94, 328)
(519, 345)
(486, 243)
(218, 492)
(614, 345)
(179, 471)
(603, 141)
(223, 400)
(590, 369)
(624, 90)
(449, 462)
(53, 28)
(656, 336)
(31, 433)
(182, 388)
(1, 67)
(285, 321)
(8, 478)
(329, 224)
(354, 267)
(695, 220)
(712, 150)
(390, 193)
(618, 56)
(294, 257)
(131, 192)
(567, 114)
(41, 304)
(621, 399)
(326, 126)
(667, 230)
(304, 349)
(185, 492)
(115, 342)
(541, 403)
(550, 120)
(388, 370)
(743, 27)
(546, 122)
(285, 4)
(428, 373)
(716, 103)
(550, 390)
(454, 150)
(354, 147)
(458, 374)
(629, 239)
(650, 43)
(752, 93)
(622, 42)
(361, 402)
(591, 349)
(415, 116)
(714, 290)
(255, 350)
(224, 246)
(509, 264)
(693, 421)
(335, 98)
(234, 41)
(487, 299)
(310, 313)
(58, 334)
(703, 432)
(324, 228)
(467, 479)
(423, 495)
(133, 323)
(25, 287)
(236, 340)
(486, 235)
(442, 465)
(737, 151)
(406, 205)
(381, 312)
(554, 470)
(4, 26)
(400, 394)
(117, 369)
(189, 365)
(483, 385)
(453, 388)
(282, 473)
(724, 107)
(656, 155)
(380, 178)
(85, 88)
(23, 307)
(700, 78)
(680, 459)
(187, 134)
(145, 147)
(386, 354)
(521, 109)
(597, 31)
(681, 307)
(640, 163)
(489, 500)
(155, 237)
(262, 292)
(448, 139)
(183, 402)
(634, 212)
(384, 444)
(168, 443)
(430, 111)
(622, 369)
(85, 172)
(348, 59)
(493, 54)
(644, 114)
(657, 333)
(140, 253)
(16, 140)
(687, 154)
(215, 492)
(353, 423)
(707, 394)
(720, 70)
(367, 183)
(179, 383)
(734, 297)
(481, 319)
(218, 183)
(66, 247)
(305, 206)
(749, 216)
(405, 345)
(634, 6)
(93, 178)
(673, 139)
(209, 134)
(661, 148)
(130, 154)
(522, 240)
(79, 86)
(647, 459)
(35, 325)
(112, 142)
(372, 331)
(14, 2)
(603, 419)
(271, 442)
(10, 412)
(353, 377)
(698, 476)
(116, 403)
(171, 322)
(430, 63)
(122, 354)
(624, 115)
(42, 389)
(553, 415)
(360, 495)
(128, 335)
(360, 297)
(677, 393)
(289, 191)
(272, 241)
(449, 353)
(756, 146)
(68, 370)
(297, 255)
(650, 2)
(753, 502)
(133, 22)
(251, 33)
(633, 240)
(165, 166)
(751, 209)
(461, 416)
(599, 140)
(577, 426)
(709, 242)
(724, 260)
(348, 500)
(38, 314)
(447, 37)
(361, 101)
(111, 383)
(184, 435)
(105, 223)
(367, 380)
(592, 365)
(17, 80)
(324, 264)
(421, 301)
(72, 494)
(741, 219)
(193, 34)
(388, 280)
(139, 397)
(390, 241)
(453, 118)
(633, 424)
(458, 398)
(287, 251)
(23, 330)
(289, 300)
(94, 395)
(502, 98)
(655, 223)
(405, 454)
(283, 138)
(728, 498)
(214, 401)
(219, 172)
(708, 398)
(461, 456)
(362, 479)
(244, 485)
(756, 363)
(331, 224)
(434, 178)
(546, 244)
(105, 173)
(621, 79)
(343, 491)
(19, 35)
(175, 411)
(244, 342)
(300, 52)
(521, 386)
(557, 72)
(146, 162)
(586, 421)
(49, 132)
(675, 322)
(676, 105)
(351, 296)
(227, 310)
(702, 468)
(12, 317)
(500, 31)
(181, 416)
(756, 426)
(414, 115)
(366, 413)
(596, 176)
(716, 170)
(81, 265)
(572, 150)
(282, 357)
(557, 281)
(543, 451)
(3, 501)
(733, 271)
(138, 287)
(324, 10)
(426, 458)
(587, 305)
(49, 195)
(658, 425)
(30, 209)
(667, 26)
(447, 54)
(70, 100)
(430, 303)
(56, 61)
(633, 321)
(471, 486)
(567, 68)
(343, 35)
(637, 148)
(145, 65)
(326, 57)
(43, 290)
(414, 259)
(138, 445)
(68, 455)
(65, 277)
(345, 220)
(136, 121)
(327, 235)
(168, 27)
(369, 94)
(85, 126)
(102, 67)
(215, 486)
(415, 221)
(486, 65)
(99, 38)
(241, 267)
(463, 374)
(254, 51)
(250, 375)
(661, 410)
(599, 324)
(203, 290)
(749, 298)
(740, 289)
(323, 497)
(270, 262)
(352, 286)
(39, 192)
(103, 249)
(259, 301)
(334, 235)
(386, 306)
(474, 416)
(613, 471)
(56, 373)
(32, 478)
(656, 466)
(484, 160)
(137, 443)
(635, 269)
(335, 493)
(453, 40)
(296, 48)
(693, 238)
(131, 108)
(504, 172)
(551, 339)
(639, 350)
(546, 249)
(681, 463)
(127, 398)
(606, 471)
(232, 280)
(101, 346)
(28, 293)
(556, 369)
(482, 435)
(583, 194)
(642, 59)
(48, 340)
(121, 456)
(754, 397)
(756, 293)
(114, 375)
(185, 429)
(625, 397)
(504, 254)
(56, 311)
(120, 122)
(303, 26)
(254, 124)
(237, 52)
(171, 375)
(337, 104)
(593, 270)
(285, 297)
(565, 305)
(463, 358)
(527, 404)
(296, 223)
(538, 337)
(693, 32)
(424, 104)
(576, 47)
(391, 464)
(368, 398)
(583, 348)
(136, 266)
(207, 265)
(640, 81)
(221, 467)
(121, 168)
(183, 471)
(433, 273)
(44, 419)
(504, 286)
(325, 164)
(313, 494)
(605, 306)
(707, 477)
(599, 22)
(533, 348)
(308, 70)
(222, 449)
(28, 226)
(349, 79)
(744, 475)
(5, 48)
(54, 257)
(90, 490)
(326, 213)
(149, 122)
(483, 211)
(494, 162)
(182, 118)
(71, 268)
(645, 225)
(489, 190)
(737, 265)
(688, 428)
(345, 382)
(22, 195)
(737, 408)
(91, 437)
(392, 501)
(249, 305)
(332, 196)
(32, 62)
(510, 40)
(314, 56)
(85, 133)
(396, 191)
(725, 477)
(106, 283)
(146, 46)
(699, 139)
(629, 93)
(556, 45)
(455, 361)
(513, 398)
(21, 338)
(688, 273)
(286, 224)
(543, 230)
(48, 362)
(702, 473)
(438, 260)
(757, 12)
(527, 139)
(533, 38)
(338, 194)
(306, 182)
(725, 261)
(85, 83)
(710, 23)
(43, 334)
(741, 28)
(479, 7)
(9, 23)
(523, 445)
(277, 470)
(197, 356)
(354, 31)
(741, 1)
(61, 286)
(32, 235)
(538, 224)
(47, 69)
(38, 315)
(13, 467)
(339, 272)
(130, 270)
(515, 448)
(742, 6)
(727, 63)
(632, 435)
(656, 54)
(741, 185)
(655, 289)
(649, 325)
(168, 300)
(675, 78)
(467, 341)
(93, 215)
(749, 113)
(544, 279)
(140, 270)
(710, 296)
(264, 467)
(518, 40)
(378, 208)
(233, 232)
(348, 43)
(305, 238)
(313, 418)
(721, 341)
(635, 422)
(262, 372)
(698, 30)
(547, 52)
(728, 385)
(634, 95)
(43, 199)
(411, 286)
(50, 234)
(263, 424)
(700, 225)
(515, 193)
(555, 391)
(202, 290)
(275, 205)
(186, 180)
(510, 18)
(673, 244)
(438, 160)
(36, 94)
(100, 461)
(132, 149)
(310, 166)
(386, 268)
(554, 144)
(202, 195)
(520, 349)
(36, 273)
(281, 99)
(107, 26)
(411, 210)
(44, 152)
(105, 139)
(47, 220)
(598, 208)
(669, 460)
(242, 426)
(612, 253)
(482, 501)
(86, 316)
(176, 274)
(553, 136)
(518, 355)
(558, 120)
(109, 488)
(99, 32)
(158, 286)
(269, 172)
(512, 211)
(274, 474)
(620, 454)
(321, 19)
(625, 178)
(697, 337)
(513, 480)
(441, 378)
(127, 23)
(162, 81)
(566, 77)
(713, 139)
(475, 262)
(679, 302)
(676, 15)
(461, 332)
(577, 340)
(460, 99)
(286, 28)
(360, 297)
(294, 13)
(275, 5)
(464, 387)
(108, 450)
(353, 374)
(134, 415)
(429, 243)
(350, 29)
(679, 331)
(415, 396)
(184, 23)
(43, 494)
(725, 73)
(643, 340)
(415, 124)
(746, 59)
(724, 134)
(62, 190)
(85, 51)
(389, 112)
(369, 271)
(260, 125)
(331, 185)
(162, 84)
(288, 69)
(680, 467)
(102, 409)
(266, 380)
(53, 366)
(298, 96)
(747, 144)
(167, 361)
(83, 174)
(378, 259)
(506, 66)
(521, 218)
(577, 303)
(389, 158)
(127, 395)
(536, 103)
(681, 264)
(218, 367)
(245, 337)
(401, 317)
(356, 369)
(59, 180)
(716, 427)
(677, 161)
(364, 391)
(31, 111)
(724, 379)
(8, 2)
(380, 479)
(196, 252)
(639, 341)
(442, 131)
(225, 341)
(267, 307)
(125, 360)
(403, 59)
(754, 397)
(428, 168)
(389, 484)
(704, 418)
(487, 409)
(370, 288)
(648, 71)
(374, 137)
(355, 326)
(506, 398)
(558, 272)
(624, 161)
(242, 200)
(383, 114)
(92, 358)
(303, 388)
(636, 455)
(638, 119)
(93, 494)
(353, 26)
(304, 306)
(297, 275)
(710, 131)
(218, 395)
(746, 264)
(122, 423)
(57, 258)
(750, 447)
(40, 451)
(453, 318)
(483, 125)
(111, 72)
(496, 387)
(292, 261)
(296, 20)
(279, 290)
(496, 336)
(504, 361)
(260, 423)
(110, 384)
(259, 49)
(572, 430)
(464, 401)
(384, 241)
(225, 80)
(65, 352)
(7, 77)
(311, 177)
(285, 2)
(594, 493)
(734, 255)
(165, 262)
(202, 121)
(342, 398)
(542, 243)
(694, 128)
(440, 339)
(429, 198)
(372, 163)
(654, 325)
(155, 212)
(177, 192)
(429, 185)
(555, 161)
(257, 338)
(202, 104)
(539, 28)
(327, 41)
(416, 399)
(568, 224)
(671, 346)
(730, 482)
(342, 177)
(286, 48)
(241, 214)
(497, 280)
(109, 63)
(136, 97)
(626, 312)
(415, 451)
(133, 158)
(495, 146)
(546, 360)
(553, 470)
(631, 71)
(729, 121)
(587, 239)
(272, 157)
(480, 64)
(598, 243)
(285, 201)
(234, 413)
(355, 152)
(73, 399)
(250, 410)
(9, 200)
(613, 469)
(709, 148)
(209, 292)
(530, 160)
(200, 34)
(364, 95)
(145, 339)
(628, 168)
(655, 386)
(445, 154)
(719, 280)
(379, 299)
(397, 355)
(243, 5)
(110, 444)
(748, 492)
(739, 55)
(701, 73)
(752, 462)
(26, 243)
(254, 100)
(363, 320)
(384, 429)
(622, 46)
(274, 15)
(245, 152)
(90, 351)
(676, 359)
(48, 351)
(555, 19)
(642, 427)
(140, 372)
(342, 287)
(148, 326)
(119, 408)
(312, 343)
(338, 467)
(414, 180)
(719, 236)
(101, 60)
(684, 260)
(373, 130)
(494, 82)
(604, 270)
(29, 13)
(503, 343)
(355, 386)
(422, 437)
(234, 206)
(457, 174)
(316, 467)
(138, 87)
(298, 468)
(627, 427)
(211, 182)
(375, 496)
(390, 282)
(102, 81)
(631, 293)
(595, 286)
(106, 176)
(172, 355)
(685, 282)
(389, 367)
(343, 12)
(168, 100)
(285, 231)
(752, 474)
(211, 340)
(119, 3)
(714, 58)
(74, 401)
(602, 486)
(655, 321)
(489, 430)
(78, 499)
(619, 2)
(626, 413)
(241, 85)
(457, 151)
(58, 164)
(274, 408)
(634, 405)
(382, 308)
(240, 101)
(741, 160)
(530, 333)
(515, 457)
(100, 489)
(2, 272)
(400, 271)
(271, 150)
(573, 114)
(79, 173)
(356, 429)
(411, 178)
(292, 245)
(684, 220)
(714, 74)
(646, 293)
(465, 387)
(220, 60)
(622, 3)
(528, 440)
(130, 57)
(264, 300)
(215, 448)
(652, 307)
(129, 502)
(30, 30)
(204, 244)
(553, 68)
(736, 408)
(275, 334)
(6, 93)
(346, 88)
(314, 459)
(62, 466)
(367, 499)
(182, 253)
(215, 444)
(543, 458)
(443, 72)
(148, 124)
(687, 222)
(721, 170)
(608, 306)
(308, 460)
(487, 482)
(95, 241)
(197, 469)
(750, 7)
(728, 483)
(263, 227)
(702, 320)
(570, 318)
(535, 198)
(15, 393)
(15, 111)
(114, 255)
(361, 463)
(625, 214)
(631, 38)
(81, 216)
(737, 124)
(118, 261)
(255, 34)
(251, 232)
(516, 219)
(583, 104)
(214, 112)
(490, 139)
(156, 277)
(196, 323)
(377, 443)
(614, 455)
(141, 300)
(482, 309)
(247, 472)
(509, 134)
(39, 124)
(581, 346)
(577, 196)
(405, 57)
(193, 114)
(11, 431)
(410, 156)
(211, 76)
(438, 292)
(512, 443)
(153, 153)
(475, 80)
(276, 206)
(502, 301)
(670, 184)
(208, 411)
(686, 473)
(518, 355)
(582, 164)
(602, 493)
(304, 21)
(632, 118)
(655, 82)
(379, 398)
(40, 113)
(695, 138)
(609, 377)
(24, 125)
(165, 352)
(386, 253)
(457, 390)
(595, 144)
(31, 299)
(406, 423)
(190, 9)
(303, 33)
(58, 311)
(33, 9)
(351, 345)
(478, 265)
(71, 462)
(204, 495)
(405, 202)
(110, 437)
(580, 326)
(249, 438)
(515, 170)
(138, 212)
(34, 385)
(221, 76)
(684, 297)
(31, 54)
(519, 292)
(243, 406)
(631, 356)
(708, 179)
(316, 31)
(552, 483)
(542, 88)
(266, 124)
(341, 120)
(612, 122)
(703, 176)
(545, 433)
(566, 72)
(79, 308)
(521, 451)
(614, 236)
(740, 494)
(227, 26)
(654, 150)
(122, 455)
(100, 213)
(22, 78)
(135, 43)
(691, 363)
(592, 355)
(250, 491)
(299, 229)
(466, 311)
(713, 493)
(62, 207)
(248, 427)
(188, 228)
(257, 436)
(318, 52)
(343, 140)
(576, 256)
(292, 204)
(537, 461)
(662, 142)
(11, 208)
(415, 30)
(266, 216)
(118, 176)
(201, 466)
(720, 397)
(117, 266)
(252, 126)
(70, 89)
(409, 144)
(190, 337)
(179, 330)
(144, 88)
(28, 329)
(4, 56)
(76, 221)
(655, 262)
(378, 278)
(321, 310)
(189, 89)
(555, 90)
(231, 147)
(644, 394)
(602, 256)
(301, 74)
(33, 127)
(728, 367)
(135, 444)
(543, 158)
(73, 317)
(148, 385)
(435, 251)
(399, 152)
(640, 29)
(297, 375)
(408, 359)
(147, 86)
(158, 258)
(429, 245)
(262, 148)
(324, 10)
(118, 353)
(17, 308)
(229, 172)
(74, 136)
(557, 147)
(525, 327)
(168, 297)
(526, 57)
(85, 115)
(105, 431)
(370, 215)
(400, 386)
(88, 377)
(715, 379)
(498, 415)
(669, 252)
(229, 191)
(561, 38)
(226, 281)
(751, 313)
(553, 12)
(718, 280)
(329, 220)
(374, 401)
(156, 134)
(124, 360)
(480, 496)
(691, 14)
(704, 77)
(210, 227)
(460, 443)
(276, 289)
(550, 19)
(314, 22)
(178, 364)
(61, 260)
(730, 38)
(99, 374)
(526, 86)
(516, 329)
(357, 371)
(712, 10)
(481, 221)
(269, 365)
(676, 21)
(463, 227)
(498, 310)
(661, 349)
(424, 367)
(550, 419)
(208, 65)
(398, 489)
(297, 12)
(352, 308)
(466, 168)
(460, 81)
(386, 388)
(728, 194)
(634, 451)
(11, 129)
(598, 250)
(394, 304)
(314, 213)
(741, 398)
(128, 45)
(628, 403)
(729, 153)
(241, 237)
(547, 400)
(557, 423)
(265, 438)
(499, 364)
(563, 39)
(85, 469)
(459, 434)
(6, 270)
(591, 399)
(568, 218)
(624, 385)
(734, 379)
(195, 98)
(549, 9)
(672, 305)
(319, 113)
(403, 441)
(13, 201)
(49, 316)
(551, 109)
(93, 428)
(269, 259)
(717, 156)
(294, 399)
(15, 423)
(317, 465)
(638, 400)
(722, 494)
(346, 130)
(445, 125)
(90, 312)
(255, 2)
(599, 386)
(254, 29)
(667, 490)
(557, 271)
(242, 177)
(675, 3)
(67, 210)
(545, 23)
(32, 119)
(303, 487)
(138, 143)
(148, 51)
(144, 343)
(130, 311)
(710, 261)
(222, 428)
(433, 291)
(328, 372)
(303, 353)
(574, 41)
(378, 393)
(565, 285)
(497, 413)
(680, 268)
(702, 124)
(504, 336)
(515, 4)
(202, 61)
(26, 303)
(92, 191)
(423, 17)
(537, 329)
(655, 226)
(100, 496)
(248, 149)
(522, 257)
(577, 353)
(43, 85)
(56, 282)
(115, 421)
(11, 426)
(175, 193)
(61, 5)
(655, 101)
(96, 130)
(715, 373)
(115, 195)
(527, 290)
(137, 281)
(83, 114)
(557, 107)
(610, 111)
(294, 19)
(194, 356)
(274, 318)
(377, 101)
(478, 275)
(474, 99)
(4, 79)
(123, 106)
(243, 161)
(620, 17)
(516, 230)
(17, 251)
(550, 85)
(257, 194)
(339, 454)
(551, 230)
(593, 164)
(114, 186)
(193, 17)
(36, 9)
(23, 349)
(191, 412)
(635, 279)
(620, 114)
(545, 180)
(459, 433)
(471, 341)
(484, 109)
(33, 442)
(308, 58)
(334, 159)
(38, 371)
(394, 106)
(9, 52)
(133, 191)
(571, 238)
(595, 363)
(56, 316)
(667, 222)
(332, 29)
(743, 177)
(290, 351)
(635, 219)
(622, 269)
(2, 427)
(345, 356)
(190, 275)
(511, 234)
(536, 395)
(454, 359)
(98, 393)
(65, 472)
(553, 247)
(277, 304)
(26, 92)
(754, 294)
(490, 129)
(277, 367)
(514, 147)
(557, 485)
(275, 220)
(295, 147)
(742, 297)
(504, 423)
(302, 312)
(99, 92)
(657, 160)
(327, 463)
(621, 348)
(544, 461)
(412, 270)
(274, 242)
(483, 407)
(361, 233)
(446, 83)
(584, 101)
(647, 50)
(135, 279)
(78, 491)
(322, 231)
(659, 83)
(350, 176)
(258, 362)
(422, 418)
(596, 230)
(751, 112)
(376, 83)
(522, 207)
(7, 445)
(93, 419)
(244, 349)
(104, 82)
(711, 42)
(437, 389)
(574, 163)
(248, 299)
(472, 306)
(124, 452)
(383, 67)
(44, 243)
(523, 372)
(695, 95)
(708, 155)
(617, 22)
(687, 124)
(262, 38)
(367, 258)
(330, 454)
(513, 115)
(200, 206)
(418, 422)
(220, 169)
(73, 182)
(348, 168)
(538, 451)
(631, 225)
(331, 63)
(608, 321)
(2, 157)
(491, 97)
(589, 362)
(645, 212)
(437, 144)
(212, 104)
(63, 193)
(686, 305)
(113, 385)
(398, 357)
(365, 335)
(456, 178)
(256, 142)
(136, 176)
(408, 265)
(179, 452)
(469, 13)
(175, 60)
(356, 325)
(183, 309)
(176, 362)
(198, 183)
(103, 219)
(375, 63)
(750, 367)
(506, 380)
(339, 107)
(111, 169)
(244, 334)
(306, 425)
(522, 302)
(636, 470)
(728, 292)
(171, 379)
(370, 265)
(663, 311)
(518, 152)
(715, 404)
(464, 285)
(328, 239)
(715, 25)
(591, 424)
(650, 181)
(471, 309)
(192, 217)
(188, 251)
(466, 88)
(541, 279)
(316, 316)
(124, 59)
(658, 177)
(206, 302)
(63, 470)
(692, 436)
(423, 119)
(287, 206)
(505, 255)
(755, 231)
(15, 73)
(76, 145)
(318, 267)
(380, 466)
(264, 284)
(157, 136)
(142, 436)
(324, 248)
(92, 373)
(560, 219)
(269, 438)
(16, 478)
(42, 207)
(599, 443)
(682, 53)
(324, 359)
(24, 240)
(723, 143)
(53, 238)
(144, 349)
(325, 399)
(123, 299)
(504, 334)
(614, 226)
(136, 62)
(745, 58)
(579, 350)
(131, 475)
(392, 337)
(227, 363)
(91, 405)
(265, 480)
(189, 372)
(477, 134)
(359, 384)
(166, 233)
(26, 128)
(562, 3)
(716, 465)
(91, 368)
(47, 21)
(601, 104)
(747, 365)
(466, 367)
(634, 410)
(416, 29)
(663, 420)
(532, 413)
(364, 255)
(304, 100)
(588, 389)
(409, 229)
(412, 390)
(398, 366)
(202, 373)
(618, 113)
(212, 32)
(388, 474)
(652, 434)
(206, 132)
(538, 91)
(640, 330)
(276, 22)
(206, 155)
(404, 93)
(510, 444)
(119, 273)
(501, 124)
(746, 463)
(281, 367)
(520, 160)
(179, 268)
(690, 81)
(576, 27)
(609, 437)
(689, 366)
(358, 490)
(319, 283)
(626, 166)
(350, 336)
(133, 113)
(13, 286)
(42, 65)
(538, 288)
(424, 120)
(417, 42)
(365, 147)
(313, 405)
(385, 156)
(386, 459)
(585, 127)
(755, 482)
(149, 217)
(497, 199)
(475, 490)
(707, 320)
(225, 349)
(264, 83)
(227, 207)
(94, 408)
(92, 337)
(384, 464)
(739, 409)
(647, 185)
(549, 82)
(719, 140)
(402, 251)
(314, 58)
(342, 323)
(423, 138)
(126, 410)
(513, 345)
(617, 5)
(404, 425)
(602, 350)
(174, 379)
(568, 322)
(437, 442)
(30, 20)
(234, 391)
(299, 316)
(335, 426)
(710, 248)
(603, 148)
(736, 282)
(134, 208)
(307, 428)
(55, 491)
(1, 277)
(593, 446)
(665, 240)
(81, 366)
(4, 42)
(613, 30)
(695, 429)
(122, 62)
(701, 198)
(445, 434)
(609, 176)
(738, 259)
(178, 232)
(701, 330)
(57, 394)
(263, 175)
(371, 125)
(244, 80)
(185, 292)
(276, 11)
(357, 95)
(150, 135)
(216, 468)
(241, 322)
(547, 483)
(501, 275)
(335, 374)
(202, 465)
(503, 401)
(205, 372)
(756, 120)
(510, 251)
(119, 496)
(543, 445)
(402, 6)
(615, 36)
(161, 389)
(630, 383)
(585, 6)
(245, 391)
(623, 316)
(125, 413)
(25, 478)
(10, 309)
(185, 435)
(213, 400)
(419, 265)
(699, 341)
(345, 98)
(716, 282)
(422, 210)
(592, 339)
(255, 271)
(37, 205)
(230, 163)
(229, 180)
(453, 126)
(334, 382)
(275, 210)
(300, 12)
(445, 502)
(256, 370)
(129, 10)
(255, 136)
(124, 232)
(596, 263)
(105, 493)
(97, 183)
(721, 337)
(687, 210)
(547, 215)
(569, 374)
(221, 97)
(757, 222)
(8, 180)
(288, 74)
(576, 336)
(128, 37)
(31, 10)
(172, 242)
(57, 229)
(212, 226)
(483, 219)
(522, 310)
(758, 229)
(357, 471)
(85, 99)
(691, 131)
(169, 273)
(105, 459)
(79, 159)
(51, 104)
(538, 177)
(116, 42)
(364, 36)
(211, 129)
(79, 378)
(173, 324)
(102, 270)
(706, 1)
(54, 376)
(228, 399)
(245, 92)
(132, 208)
(570, 44)
(337, 345)
(131, 376)
(566, 142)
(184, 112)
(499, 114)
(184, 294)
(319, 425)
(225, 470)
(739, 478)
(698, 342)
(431, 195)
(459, 457)
(96, 385)
(386, 167)
(554, 40)
(417, 60)
(456, 423)
(298, 444)
(604, 459)
(115, 412)
(541, 451)
(309, 163)
(634, 410)
(744, 212)
(648, 320)
(243, 350)
(288, 194)
(56, 176)
(601, 446)
(668, 188)
(289, 475)
(727, 31)
(149, 106)
(207, 313)
(349, 117)
(426, 225)
(744, 112)
(273, 206)
(11, 343)
(82, 382)
(732, 404)
(346, 312)
(242, 291)
(282, 138)
(512, 393)
(340, 370)
(174, 141)
(150, 112)
(381, 368)
(619, 279)
(17, 89)
(226, 215)
(646, 244)
(635, 33)
(220, 50)
(157, 447)
(613, 98)
(494, 250)
(406, 301)
(644, 116)
(703, 114)
(243, 342)
(185, 57)
(517, 489)
(523, 188)
(686, 418)
(564, 251)
(200, 60)
(438, 411)
(697, 343)
(528, 171)
(570, 392)
(645, 217)
(669, 424)
(257, 502)
(98, 371)
(360, 127)
(639, 379)
(663, 443)
(648, 474)
(685, 226)
(96, 12)
(529, 182)
(574, 90)
(638, 459)
(754, 117)
(606, 453)
(439, 290)
(329, 195)
(40, 149)
(482, 149)
(597, 345)
(710, 276)
(535, 216)
(454, 369)
(527, 230)
(690, 475)
(180, 259)
(120, 330)
(515, 352)
(45, 55)
(581, 271)
(63, 281)
(279, 301)
(76, 91)
(320, 4)
(104, 108)
(472, 226)
(282, 408)
(130, 37)
(37, 127)
(421, 44)
(283, 370)
(751, 307)
(729, 17)
(479, 105)
(424, 441)
(94, 27)
(698, 228)
(171, 108)
(429, 5)
(288, 308)
(266, 400)
(531, 129)
(244, 15)
(332, 489)
(85, 71)
(241, 429)
(85, 414)
(12, 151)
(304, 102)
(621, 298)
(633, 101)
(204, 232)
(371, 134)
(589, 459)
(296, 10)
(294, 464)
(362, 255)
(502, 435)
(428, 302)
(584, 91)
(625, 489)
(627, 465)
(287, 9)
(656, 464)
(489, 98)
(465, 360)
(538, 454)
(608, 102)
(677, 97)
(45, 27)
(160, 333)
(517, 420)
(245, 57)
(409, 101)
(558, 86)
(288, 346)
(108, 84)
(412, 332)
(438, 192)
(56, 422)
(249, 281)
(615, 31)
(556, 196)
(239, 155)
(383, 422)
(514, 60)
(538, 230)
(420, 27)
(386, 174)
(250, 195)
(251, 269)
(168, 283)
(17, 217)
(202, 358)
(529, 361)
(444, 213)
(575, 18)
(137, 60)
(495, 51)
(90, 107)
(109, 415)
(59, 49)
(136, 90)
(264, 347)
(125, 314)
(660, 119)
(177, 291)
(1, 117)
(4, 348)
(154, 171)
(732, 228)
(382, 256)
(395, 179)
(15, 346)
(423, 186)
(425, 404)
(369, 142)
(199, 150)
(346, 336)
(750, 129)
(535, 432)
(640, 250)
(503, 164)
(15, 40)
(507, 96)
(371, 185)
(264, 312)
(709, 441)
(368, 243)
(121, 176)
(571, 158)
(640, 135)
(550, 193)
(517, 452)
(442, 356)
(456, 144)
(684, 402)
(111, 336)
(735, 7)
(693, 230)
(733, 11)
(495, 480)
(217, 144)
(732, 243)
(661, 91)
(486, 320)
(237, 323)
(318, 175)
(294, 120)
(664, 484)
(743, 368)
(606, 111)
(341, 3)
(507, 485)
(181, 340)
(397, 90)
(564, 146)
(630, 175)
(114, 271)
(249, 243)
(406, 201)
(201, 304)
(674, 24)
(395, 299)
(295, 277)
(90, 213)
(692, 364)
(447, 391)
(575, 57)
(247, 175)
(751, 129)
(596, 303)
(286, 72)
(318, 116)
(731, 301)
(47, 53)
(728, 371)
(626, 59)
(212, 468)
(339, 212)
(122, 446)
(74, 493)
(135, 230)
(117, 452)
(109, 5)
(169, 105)
(521, 416)
(68, 378)
(602, 364)
(367, 456)
(174, 305)
(253, 120)
(589, 365)
(558, 284)
(275, 57)
(653, 425)
(610, 461)
(666, 132)
(569, 164)
(430, 313)
(538, 483)
(685, 327)
(311, 83)
(238, 28)
(661, 5)
(725, 356)
(509, 450)
(105, 495)
(565, 445)
(598, 458)
(589, 431)
(346, 387)
(258, 79)
(515, 228)
(419, 250)
(444, 178)
(481, 87)
(730, 150)
(189, 494)
(400, 352)
(483, 302)
(635, 175)
(682, 185)
(435, 378)
(692, 269)
(541, 84)
(82, 95)
(229, 256)
(194, 190)
(315, 236)
(489, 17)
(601, 336)
(192, 67)
(273, 182)
(601, 31)
(359, 122)
(71, 116)
(219, 184)
(251, 9)
(650, 432)
(153, 348)
(277, 50)
(350, 247)
(111, 344)
(63, 182)
(375, 36)
(442, 450)
(287, 389)
(425, 347)
(568, 161)
(432, 309)
(492, 213)
(438, 76)
(135, 423)
(18, 338)
(427, 367)
(336, 483)
(406, 230)
(229, 349)
(574, 299)
(310, 428)
(31, 224)
(551, 84)
(594, 467)
(733, 479)
(630, 268)
(414, 294)
(209, 175)
(747, 340)
(227, 183)
(299, 352)
(646, 150)
(645, 208)
(313, 343)
(330, 383)
(528, 169)
(503, 498)
(93, 259)
(735, 266)
(233, 351)
(749, 161)
(488, 160)
(268, 468)
(489, 283)
(684, 370)
(30, 496)
(147, 487)
(611, 482)
(524, 429)
(427, 49)
(426, 228)
(707, 448)
(327, 166)
(528, 79)
(58, 497)
(413, 216)
(709, 149)
(523, 132)
(711, 215)
(641, 255)
(541, 380)
(92, 313)
(585, 325)
(624, 397)
(470, 119)
(243, 210)
(49, 217)
(11, 170)
(698, 491)
(353, 151)
(563, 89)
(51, 456)
(244, 152)
(146, 384)
(498, 15)
(756, 349)
(401, 6)
(173, 458)
(280, 294)
(654, 56)
(500, 263)
(582, 18)
(746, 70)
(146, 448)
(264, 94)
(718, 30)
(323, 466)
(727, 356)
(123, 97)
(254, 163)
(643, 32)
(193, 38)
(186, 341)
(153, 467)
(496, 185)
(738, 502)
(464, 344)
(531, 269)
(688, 197)
(362, 459)
(567, 264)
(286, 355)
(279, 79)
(112, 155)
(97, 366)
(411, 244)
(690, 29)
(16, 198)
(446, 154)
(469, 290)
(15, 175)
(697, 337)
(734, 496)
(181, 232)
(254, 223)
(179, 17)
(535, 129)
(490, 165)
(154, 477)
(740, 326)
(328, 421)
(570, 428)
(566, 468)
(405, 326)
(240, 291)
(657, 3)
(31, 479)
(325, 315)
(750, 299)
(116, 356)
(712, 279)
(670, 62)
(356, 388)
(122, 5)
(501, 171)
(302, 179)
(540, 339)
(230, 206)
(213, 459)
(94, 218)
(636, 25)
(399, 71)
(483, 7)
(94, 99)
(193, 128)
(552, 351)
(301, 332)
(487, 33)
(333, 459)
(622, 228)
(630, 127)
(651, 382)
(727, 449)
(284, 271)
(87, 327)
(327, 316)
(308, 351)
(617, 468)
(120, 57)
(437, 66)
(584, 269)
(94, 129)
(368, 271)
(616, 180)
(23, 408)
(309, 398)
(196, 385)
(1, 59)
(638, 326)
(558, 392)
(637, 90)
(490, 138)
(356, 149)
(523, 101)
(10, 3)
(6, 162)
(20, 53)
(757, 110)
(490, 75)
(574, 277)
(700, 74)
(356, 221)
(203, 137)
(10, 355)
(161, 184)
(352, 476)
(216, 171)
(689, 312)
(271, 400)
(11, 30)
(476, 323)
(144, 182)
(423, 40)
(573, 483)
(597, 197)
(632, 182)
(323, 376)
(638, 131)
(388, 206)
(736, 183)
(166, 435)
(564, 435)
(598, 368)
(697, 469)
(180, 248)
(594, 273)
(150, 248)
(586, 40)
(694, 336)
(168, 132)
(83, 243)
(228, 325)
(420, 357)
(411, 289)
(608, 439)
(267, 438)
(551, 183)
(241, 123)
(182, 221)
(187, 502)
(366, 233)
(532, 24)
(592, 393)
(680, 183)
(199, 358)
(265, 234)
(624, 96)
(553, 167)
(323, 485)
(225, 89)
(226, 237)
(563, 333)
(333, 208)
(220, 282)
(64, 340)
(391, 125)
(455, 62)
(517, 27)
(242, 57)
(56, 365)
(90, 249)
(348, 311)
(368, 469)
(738, 92)
(45, 213)
(295, 443)
(63, 103)
(165, 401)
(236, 359)
(162, 363)
(556, 93)
(18, 423)
(408, 259)
(181, 48)
(453, 326)
(752, 332)
(204, 61)
(250, 143)
(391, 128)
(29, 240)
(447, 96)
(81, 255)
(274, 428)
(243, 89)
(691, 77)
(101, 290)
(548, 49)
(209, 430)
(648, 100)
(108, 204)
(635, 423)
(720, 414)
(603, 42)
(702, 243)
(469, 88)
(637, 393)
(27, 224)
(595, 32)
(620, 93)
(61, 125)
(361, 231)
(699, 94)
(42, 21)
(436, 446)
(181, 154)
(636, 48)
(463, 127)
(114, 354)
(641, 48)
(292, 30)
(270, 214)
(285, 32)
(104, 162)
(752, 244)
(120, 90)
(306, 409)
(583, 151)
(746, 238)
(575, 230)
(543, 476)
(63, 155)
(4, 257)
(451, 208)
(670, 65)
(60, 369)
(651, 27)
(721, 88)
(277, 501)
(312, 110)
(306, 128)
(264, 244)
(211, 126)
(224, 7)
(363, 296)
(33, 328)
(104, 21)
(692, 471)
(21, 381)
(89, 105)
(399, 489)
(333, 449)
(491, 223)
(204, 414)
(419, 233)
(326, 32)
(279, 82)
(105, 275)
(212, 244)
(456, 473)
(258, 36)
(390, 492)
(539, 287)
(618, 279)
(671, 247)
(376, 477)
(668, 353)
(103, 191)
(195, 190)
(633, 196)
(597, 175)
(705, 143)
(487, 467)
(666, 137)
(636, 104)
(632, 264)
(703, 501)
(383, 239)
(81, 480)
(488, 364)
(730, 123)
(348, 402)
(236, 253)
(339, 227)
(639, 56)
(668, 164)
(639, 218)
(559, 44)
(602, 160)
(722, 448)
(461, 454)
(326, 241)
(583, 41)
(341, 352)
(436, 277)
(382, 248)
(555, 24)
(511, 447)
(318, 6)
(175, 230)
(549, 51)
(296, 40)
(90, 145)
(407, 458)
(688, 174)
(92, 46)
(288, 87)
(497, 414)
(197, 501)
(141, 352)
(479, 436)
(399, 41)
(470, 399)
(390, 22)
(727, 293)
(689, 488)
(24, 451)
(757, 184)
(694, 56)
(552, 200)
(68, 173)
(38, 324)
(26, 58)
(202, 138)
(308, 306)
(326, 404)
(575, 121)
(595, 233)
(654, 161)
(23, 346)
(715, 157)
(193, 64)
(407, 35)
(488, 346)
(589, 462)
(724, 64)
(28, 138)
(697, 453)
(395, 358)
(649, 441)
(640, 141)
(233, 33)
(473, 312)
(421, 96)
(358, 294)
(346, 179)
(143, 50)
(394, 81)
(188, 27)
(427, 496)
(298, 323)
(385, 499)
(664, 245)
(434, 19)
(480, 68)
(549, 41)
(56, 23)
(35, 288)
(260, 195)
(301, 117)
(98, 467)
(83, 419)
(301, 68)
(7, 183)
(265, 339)
(574, 57)
(333, 98)
(552, 28)
(168, 329)
(757, 463)
(480, 307)
(653, 244)
(535, 333)
(681, 208)
(577, 387)
(392, 392)
(480, 363)
(351, 222)
(553, 251)
(111, 492)
(223, 362)
(293, 269)
(404, 239)
(530, 10)
(49, 85)
(297, 372)
(530, 15)
(564, 392)
(610, 498)
(671, 470)
(125, 274)
(168, 219)
(396, 457)
(62, 70)
(134, 40)
(65, 72)
(513, 95)
(123, 203)
(126, 195)
(394, 199)
(301, 373)
(566, 279)
(516, 316)
(398, 357)
(218, 49)
(390, 461)
(23, 75)
(513, 342)
(318, 491)
(704, 250)
(431, 131)
(710, 370)
(22, 363)
(634, 499)
(268, 124)
(227, 221)
(181, 72)
(436, 397)
(115, 291)
(401, 410)
(460, 376)
(360, 275)
(312, 339)
(505, 378)
(590, 381)
(576, 7)
(464, 55)
(683, 438)
(662, 457)
(552, 147)
(679, 227)
(103, 206)
(718, 279)
(666, 176)
(661, 397)
(79, 496)
(664, 67)
(289, 16)
(17, 441)
(430, 239)
(474, 29)
(318, 110)
(734, 261)
(40, 455)
(597, 59)
(159, 169)
(380, 282)
(638, 173)
(716, 253)
(714, 248)
(40, 81)
(542, 254)
(275, 259)
(250, 111)
(316, 41)
(91, 87)
(217, 366)
(430, 308)
(720, 330)
(42, 156)
(150, 404)
(735, 75)
(508, 218)
(541, 147)
(598, 297)
(218, 499)
(374, 222)
(469, 484)
(382, 106)
(213, 323)
(698, 47)
(513, 8)
(407, 304)
(466, 360)
(469, 159)
(680, 357)
(212, 240)
(579, 208)
(76, 350)
(341, 157)
(209, 195)
(524, 320)
(670, 323)
(623, 160)
(29, 228)
(64, 73)
(324, 18)
(146, 434)
(276, 433)
(311, 265)
(89, 83)
(457, 159)
(253, 344)
(305, 65)
(7, 275)
(419, 393)
(559, 291)
(699, 229)
(70, 169)
(109, 308)
(173, 131)
(123, 177)
(365, 341)
(436, 259)
(6, 173)
(537, 151)
(345, 191)
(324, 318)
(568, 198)
(743, 23)
(631, 75)
(607, 53)
(278, 346)
(570, 384)
(251, 265)
(56, 179)
(231, 153)
(349, 490)
(714, 149)
(15, 128)
(113, 60)
(211, 254)
(601, 376)
(363, 493)
(651, 168)
(317, 172)
(684, 419)
(440, 1)
(274, 166)
(32, 274)
(395, 119)
(124, 64)
(301, 53)
(205, 3)
(284, 239)
(34, 252)
(599, 292)
(713, 439)
(27, 399)
(297, 498)
(549, 469)
(34, 207)
(586, 273)
(540, 174)
(349, 173)
(540, 467)
(317, 501)
(430, 256)
(190, 28)
(566, 48)
(402, 440)
(614, 115)
(312, 179)
(644, 467)
(61, 180)
(452, 187)
(314, 319)
(232, 405)
(355, 487)
(628, 307)
(579, 459)
(583, 103)
(674, 500)
(586, 412)
(238, 21)
(96, 469)
(514, 452)
(557, 232)
(342, 434)
(381, 413)
(577, 179)
(241, 196)
(710, 109)
(351, 241)
(62, 23)
(295, 308)
(184, 373)
(58, 391)
(206, 228)
(217, 260)
(504, 131)
(615, 41)
(438, 495)
(56, 436)
(50, 425)
(210, 107)
(195, 398)
(71, 356)
(448, 2)
(266, 355)
(630, 399)
(669, 424)
(215, 63)
(47, 60)
(51, 485)
(638, 242)
(572, 287)
(519, 135)
(257, 25)
(106, 344)
(221, 406)
(169, 87)
(672, 300)
(85, 131)
(77, 89)
(163, 414)
(149, 346)
(36, 22)
(146, 470)
(425, 376)
(590, 114)
(22, 173)
(720, 495)
(435, 239)
(395, 239)
(86, 449)
(638, 419)
(136, 419)
(136, 406)
(690, 32)
(226, 153)
(29, 186)
(735, 108)
(77, 163)
(71, 162)
(2, 383)
(98, 412)
(714, 3)
(727, 474)
(187, 273)
(696, 112)
(694, 278)
(438, 482)
(164, 292)
(347, 412)
(455, 468)
(622, 225)
(125, 140)
(280, 336)
(379, 424)
(518, 450)
(262, 424)
(755, 376)
(544, 51)
(395, 482)
(416, 394)
(21, 216)
(541, 328)
(432, 331)
(545, 387)
(195, 83)
(104, 286)
(104, 473)
(726, 163)
(594, 248)
(254, 140)
(169, 416)
(480, 154)
(312, 4)
(353, 431)
(718, 105)
(186, 488)
(84, 200)
(447, 118)
(139, 154)
(637, 9)
(248, 170)
(573, 320)
(105, 293)
(665, 359)
(411, 416)
(175, 23)
(86, 111)
(321, 92)
(293, 76)
(752, 432)
(623, 352)
(388, 245)
(504, 92)
(426, 318)
(120, 137)
(633, 217)
(475, 386)
(441, 419)
(390, 332)
(607, 321)
(500, 397)
(342, 207)
(50, 492)
(574, 243)
(290, 469)
(358, 156)
(522, 310)
(575, 318)
(77, 59)
(441, 178)
(253, 55)
(258, 292)
(185, 171)
(667, 116)
(50, 211)
(496, 477)
(192, 2)
(432, 460)
(26, 354)
(623, 161)
(113, 451)
(270, 406)
(757, 498)
(636, 245)
(450, 295)
(712, 478)
(479, 315)
(372, 84)
(725, 358)
(297, 279)
(303, 76)
(688, 418)
(151, 377)
(464, 488)
(391, 338)
(395, 6)
(69, 140)
(590, 96)
(589, 479)
(81, 375)
(397, 158)
(99, 314)
(286, 412)
(249, 285)
(445, 384)
(591, 82)
(237, 387)
(181, 205)
(533, 184)
(310, 49)
(499, 172)
(398, 84)
(602, 69)
(681, 145)
(706, 470)
(402, 304)
(518, 142)
(190, 454)
(419, 260)
(92, 334)
(88, 71)
(406, 444)
(404, 117)
(588, 446)
(110, 261)
(55, 206)
(550, 248)
(581, 193)
(270, 443)
(220, 404)
(631, 118)
(625, 359)
(5, 3)
(579, 494)
(568, 112)
(596, 310)
(548, 64)
(343, 169)
(541, 65)
(513, 370)
(204, 374)
(316, 290)
(90, 305)
(685, 332)
(346, 110)
(77, 163)
(611, 373)
(194, 401)
(587, 215)
(383, 53)
(651, 111)
(658, 213)
(713, 106)
(692, 119)
(295, 294)
(343, 145)
(18, 199)
(476, 460)
(332, 150)
(234, 466)
(211, 466)
(482, 140)
(220, 162)
(193, 157)
(722, 490)
(296, 387)
(659, 274)
(200, 11)
(377, 231)
(698, 267)
(636, 324)
(423, 146)
(249, 348)
(108, 343)
(359, 209)
(590, 318)
(88, 475)
(668, 386)
(662, 133)
(13, 117)
(180, 225)
(223, 107)
(4, 279)
(661, 480)
(225, 303)
(50, 435)
(119, 182)
(373, 282)
(529, 237)
(231, 488)
(645, 370)
(563, 105)
(702, 462)
(255, 133)
(65, 459)
(546, 423)
(17, 63)
(331, 49)
(64, 87)
(61, 65)
(595, 501)
(378, 445)
(300, 337)
(152, 85)
(526, 419)
(5, 391)
(174, 270)
(371, 84)
(113, 224)
(427, 392)
(651, 197)
(449, 313)
(48, 6)
(654, 3)
(92, 197)
(329, 31)
(552, 85)
(727, 431)
(452, 6)
(220, 228)
(570, 275)
(500, 89)
(210, 398)
(254, 140)
(315, 182)
(333, 182)
(383, 469)
(613, 284)
(699, 150)
(590, 169)
(737, 251)
(128, 237)
(327, 42)
(293, 480)
(162, 142)
(721, 286)
(425, 298)
(47, 166)
(461, 377)
(18, 237)
(524, 349)
(638, 306)
(739, 350)
(708, 292)
(318, 228)
(69, 61)
(489, 483)
(173, 225)
(749, 103)
(191, 277)
(240, 502)
(132, 52)
(294, 352)
(683, 117)
(591, 326)
(514, 433)
(727, 370)
(116, 461)
(593, 418)
(500, 342)
(705, 391)
(131, 495)
(585, 8)
(239, 63)
(446, 467)
(595, 458)
(617, 192)
(106, 207)
(423, 279)
(48, 437)
(318, 443)
(494, 99)
(235, 159)
(326, 408)
(490, 9)
(297, 249)
(382, 262)
(595, 207)
(674, 258)
(446, 294)
(618, 368)
(190, 303)
(54, 203)
(313, 29)
(611, 384)
(367, 245)
(626, 236)
(316, 130)
(334, 180)
(43, 34)
(317, 179)
(544, 226)
(97, 268)
(178, 308)
(201, 164)
(662, 425)
(367, 278)
(19, 184)
(623, 382)
(182, 202)
(219, 89)
(336, 249)
(726, 167)
(136, 462)
(653, 359)
(530, 130)
(437, 278)
(733, 129)
(141, 251)
(148, 426)
(524, 428)
(397, 496)
(512, 267)
(304, 479)
(100, 492)
(49, 207)
(505, 78)
(624, 340)
(166, 127)
(753, 199)
(539, 152)
(569, 354)
(97, 407)
(367, 160)
(613, 494)
(259, 190)
(59, 156)
(207, 58)
(709, 228)
(696, 127)
(534, 424)
(350, 117)
(565, 129)
(490, 85)
(611, 29)
(420, 327)
(112, 217)
(441, 313)
(205, 484)
(296, 488)
(711, 471)
(726, 421)
(27, 473)
(685, 50)
(159, 235)
(687, 295)
(63, 51)
(622, 408)
(736, 7)
(608, 414)
(45, 173)
(344, 469)
(616, 137)
(97, 97)
(315, 280)
(380, 240)
(192, 145)
(208, 215)
(563, 74)
(307, 358)
(730, 199)
(480, 210)
(182, 393)
(546, 307)
(732, 305)
(668, 240)
(757, 482)
(636, 14)
(565, 143)
(2, 175)
(294, 149)
(708, 240)
(354, 373)
(630, 483)
(397, 200)
(749, 236)
(707, 483)
(705, 326)
(552, 271)
(14, 311)
(146, 95)
(47, 72)
(188, 326)
(132, 69)
(93, 484)
(596, 409)
(577, 459)
(306, 315)
(508, 149)
(25, 463)
(296, 49)
(619, 61)
(255, 113)
(110, 329)
(393, 201)
(276, 459)
(129, 327)
(444, 18)
(389, 39)
(332, 422)
(110, 441)
(316, 393)
(365, 170)
(385, 461)
(434, 500)
(217, 242)
(533, 205)
(414, 49)
(593, 101)
(8, 259)
(44, 279)
(670, 238)
(741, 133)
(176, 312)
(128, 56)
(382, 373)
(30, 457)
(729, 253)
(681, 392)
(434, 106)
(605, 208)
(79, 152)
(432, 423)
(556, 143)
(100, 464)
(309, 462)
(347, 268)
(454, 157)
(257, 256)
(166, 485)
(609, 160)
(615, 417)
(392, 491)
(729, 328)
(116, 176)
(253, 183)
(154, 451)
(72, 369)
(280, 264)
(213, 371)
(579, 215)
(422, 251)
(34, 422)
(315, 272)
(85, 440)
(292, 443)
(131, 433)
(492, 253)
(410, 365)
(714, 264)
(618, 66)
(527, 266)
(395, 451)
(416, 413)
(724, 237)
(50, 343)
(162, 465)
(49, 454)
(384, 202)
(281, 3)
(753, 75)
(358, 433)
(433, 319)
(699, 314)
(172, 301)
(756, 182)
(343, 168)
(196, 285)
(422, 119)
(10, 327)
(627, 273)
(449, 456)
(749, 247)
(320, 73)
(324, 118)
(367, 192)
(268, 422)
(656, 402)
(318, 195)
(237, 502)
(346, 458)
(549, 474)
(266, 138)
(380, 46)
(454, 321)
(544, 280)
(729, 184)
(279, 141)
(450, 188)
(410, 111)
(397, 311)
(240, 272)
(315, 284)
(129, 491)
(680, 257)
(628, 178)
(449, 323)
(314, 30)
(398, 124)
(226, 362)
(381, 152)
(427, 411)
(428, 268)
(323, 12)
(687, 303)
(753, 318)
(56, 10)
(239, 253)
(463, 424)
(687, 242)
(119, 62)
(161, 44)
(405, 120)
(428, 12)
(749, 299)
(682, 41)
(231, 275)
(402, 227)
(100, 24)
(670, 16)
(631, 373)
(429, 319)
(358, 500)
(442, 260)
(437, 456)
(3, 81)
(90, 196)
(568, 178)
(600, 411)
(195, 202)
(710, 301)
(652, 26)
(409, 222)
(177, 461)
(399, 483)
(16, 418)
(104, 249)
(370, 146)
(755, 451)
(729, 171)
(471, 100)
(322, 496)
(301, 310)
(430, 56)
(83, 210)
(94, 219)
(623, 436)
(714, 107)
(741, 99)
(276, 328)
(659, 382)
(384, 358)
(214, 52)
(338, 90)
(217, 188)
(382, 224)
(331, 56)
(502, 28)
(624, 185)
(647, 273)
(329, 348)
(5, 482)
(399, 390)
(356, 386)
(55, 499)
(436, 44)
(171, 195)
(659, 149)
(411, 82)
(296, 182)
(684, 357)
(584, 109)
(16, 11)
(31, 112)
(284, 249)
(500, 441)
(300, 366)
(579, 363)
(156, 168)
(330, 492)
(343, 103)
(694, 302)
(452, 316)
(583, 3)
(732, 21)
(175, 13)
(67, 168)
(750, 5)
(745, 5)
(139, 365)
(190, 228)
(45, 228)
(632, 235)
(280, 257)
(482, 237)
(519, 420)
(316, 225)
(296, 103)
(192, 264)
(457, 7)
(344, 290)
(393, 378)
(736, 336)
(470, 317)
(535, 433)
(746, 66)
(535, 202)
(191, 476)
(687, 304)
(614, 456)
(142, 44)
(306, 323)
(353, 25)
(729, 464)
(518, 63)
(357, 172)
(209, 401)
(146, 475)
(682, 303)
(62, 122)
(430, 21)
(287, 116)
(276, 134)
(60, 78)
(547, 335)
(527, 223)
(184, 256)
(701, 53)
(35, 459)
(52, 129)
(690, 213)
(131, 282)
(462, 323)
(108, 11)
(485, 104)
(713, 368)
(230, 438)
(67, 399)
(627, 168)
(305, 51)
(214, 204)
(369, 291)
(132, 196)
(318, 301)
(700, 109)
(271, 307)
(519, 165)
(135, 365)
(171, 321)
(89, 341)
(266, 472)
(19, 47)
(624, 324)
(32, 21)
(165, 470)
(147, 461)
(754, 55)
(591, 210)
(48, 353)
(309, 204)
(388, 100)
(572, 441)
(505, 229)
(601, 8)
(416, 174)
(636, 227)
(466, 100)
(43, 451)
(689, 5)
(555, 228)
(579, 277)
(319, 175)
(389, 217)
(645, 182)
(442, 197)
(398, 174)
(645, 217)
(666, 313)
(338, 426)
(620, 182)
(278, 291)
(311, 91)
(119, 469)
(565, 50)
(370, 368)
(269, 306)
(241, 343)
(687, 314)
(334, 76)
(378, 394)
(410, 14)
(273, 433)
(558, 499)
(592, 183)
(476, 415)
(56, 374)
(137, 167)
(374, 109)
(194, 267)
(177, 255)
(753, 328)
(746, 226)
(735, 133)
(86, 57)
(653, 204)
(236, 176)
(451, 335)
(90, 377)
(213, 52)
(204, 287)
(121, 19)
(41, 495)
(399, 258)
(8, 258)
(349, 386)
(677, 259)
(44, 477)
(245, 316)
(162, 84)
(200, 18)
(438, 316)
(516, 154)
(302, 401)
(69, 282)
(25, 295)
(56, 386)
(696, 467)
(122, 152)
(671, 151)
(65, 353)
(375, 122)
(353, 68)
(381, 486)
(279, 29)
(468, 223)
(474, 229)
(244, 142)
(670, 261)
(184, 44)
(12, 490)
(340, 324)
(21, 319)
(736, 248)
(406, 223)
(388, 215)
(403, 31)
(300, 137)
(251, 328)
(87, 371)
(85, 497)
(381, 421)
(615, 254)
(668, 197)
(633, 52)
(263, 212)
(491, 291)
(273, 318)
(7, 28)
(486, 491)
(505, 149)
(53, 269)
(171, 268)
(589, 332)
(685, 68)
(701, 484)
(628, 194)
(507, 336)
(454, 170)
(210, 467)
(140, 474)
(72, 185)
(370, 477)
(192, 317)
(129, 219)
(501, 303)
(420, 413)
(440, 251)
(556, 88)
(269, 378)
(419, 226)
(49, 487)
(292, 203)
(413, 246)
(702, 183)
(50, 176)
(209, 66)
(496, 419)
(74, 455)
(285, 309)
(49, 317)
(444, 25)
(648, 141)
(148, 159)
(708, 335)
(519, 147)
(531, 233)
(432, 263)
(114, 12)
(103, 316)
(554, 36)
(166, 3)
(615, 156)
(219, 42)
(603, 422)
(370, 475)
(362, 231)
(250, 177)
(94, 40)
(717, 391)
(456, 71)
(725, 197)
(607, 393)
(17, 10)
(350, 119)
(44, 292)
(52, 441)
(680, 54)
(712, 303)
(173, 152)
(486, 270)
(221, 232)
(461, 312)
(139, 284)
(294, 153)
(279, 106)
(17, 395)
(652, 260)
(70, 146)
(95, 5)
(335, 43)
(35, 282)
(160, 415)
(336, 433)
(303, 327)
(484, 170)
(379, 93)
(609, 325)
(63, 392)
(359, 8)
(60, 424)
(624, 479)
(262, 33)
(209, 12)
(236, 105)
(628, 67)
(257, 433)
(499, 219)
(732, 434)
(8, 225)
(260, 5)
(521, 115)
(718, 254)
(639, 24)
(186, 499)
(53, 313)
(297, 12)
(616, 324)
(317, 146)
(569, 336)
(45, 366)
(576, 240)
(474, 355)
(163, 167)
(587, 104)
(50, 333)
(356, 21)
(45, 183)
(660, 171)
(594, 298)
(241, 91)
(288, 15)
(544, 231)
(371, 250)
(130, 112)
(410, 65)
(103, 342)
(665, 322)
(23, 266)
(126, 427)
(524, 490)
(633, 396)
(7, 372)
(154, 288)
(102, 157)
(445, 384)
(743, 81)
(707, 257)
(638, 93)
(698, 468)
(258, 472)
(608, 305)
(221, 319)
(540, 65)
(123, 216)
(685, 446)
(464, 75)
(325, 203)
(403, 441)
(370, 376)
(732, 221)
(748, 381)
(305, 329)
(151, 43)
(279, 371)
(428, 159)
(262, 226)
(478, 117)
(541, 306)
(397, 398)
(75, 365)
(168, 236)
(256, 366)
(29, 123)
(741, 65)
(27, 41)
(637, 233)
(263, 98)
(353, 106)
(291, 448)
(503, 460)
(461, 329)
(575, 177)
(549, 26)
(500, 107)
(199, 296)
(15, 36)
(255, 35)
(36, 489)
(160, 493)
(151, 424)
(621, 329)
(139, 227)
(717, 143)
(90, 35)
(246, 200)
(225, 69)
(735, 83)
(465, 55)
(313, 122)
(147, 500)
(744, 407)
(683, 115)
(685, 442)
(336, 35)
(695, 409)
(426, 437)
(550, 429)
(448, 377)
(102, 429)
(665, 94)
(538, 102)
(262, 9)
(492, 221)
(654, 188)
(549, 273)
(286, 404)
(716, 438)
(595, 167)
(497, 147)
(379, 50)
(469, 278)
(502, 58)
(13, 116)
(332, 37)
(531, 132)
(176, 209)
(528, 416)
(437, 78)
(248, 246)
(272, 135)
(105, 272)
(271, 297)
(267, 290)
(87, 229)
(311, 215)
(293, 408)
(229, 33)
(10, 93)
(654, 296)
(107, 274)
(285, 148)
(625, 296)
(363, 266)
(107, 288)
(299, 322)
(65, 274)
(390, 254)
(758, 338)
(689, 212)
(181, 247)
(115, 65)
(2, 400)
(589, 183)
(692, 364)
(577, 145)
(106, 199)
(448, 96)
(304, 291)
(628, 293)
(247, 421)
(47, 203)
(267, 166)
(471, 189)
(204, 279)
(177, 73)
(687, 279)
(452, 358)
(235, 91)
(457, 366)
(264, 56)
(572, 147)
(749, 253)
(88, 497)
(461, 353)
(509, 250)
(51, 24)
(5, 53)
(543, 263)
(174, 424)
(450, 130)
(309, 17)
(370, 200)
(36, 377)
(688, 446)
(414, 196)
(347, 442)
(79, 482)
(694, 494)
(105, 391)
(356, 115)
(644, 305)
(756, 143)
(30, 67)
(700, 267)
(336, 173)
(259, 107)
(210, 376)
(420, 486)
(12, 479)
(245, 128)
(243, 296)
(518, 374)
(586, 92)
(123, 247)
(495, 393)
(263, 62)
(153, 134)
(140, 124)
(259, 9)
(350, 450)
(15, 142)
(17, 79)
(270, 167)
(538, 433)
(210, 133)
(374, 1)
(703, 154)
(364, 198)
(410, 426)
(560, 488)
(558, 291)
(156, 129)
(539, 364)
(215, 462)
(639, 252)
(670, 17)
(487, 57)
(640, 132)
(691, 182)
(610, 5)
(258, 136)
(582, 429)
(616, 34)
(485, 398)
(624, 99)
(292, 71)
(202, 271)
(612, 490)
(712, 20)
(261, 36)
(430, 95)
(52, 65)
(3, 396)
(696, 282)
(728, 355)
(509, 412)
(697, 163)
(397, 212)
(57, 398)
(597, 244)
(627, 206)
(258, 129)
(409, 49)
(616, 276)
(658, 291)
(144, 351)
(325, 262)
(422, 239)
(238, 462)
(538, 184)
(5, 41)
(107, 350)
(336, 108)
(754, 81)
(207, 141)
(469, 336)
(550, 44)
(698, 157)
(124, 170)
(75, 501)
(26, 252)
(183, 483)
(89, 386)
(164, 348)
(285, 402)
(108, 101)
(725, 276)
(376, 434)
(21, 253)
(469, 127)
(101, 458)
(362, 308)
(317, 230)
(549, 131)
(734, 461)
(259, 38)
(47, 161)
(106, 459)
(110, 274)
(297, 294)
(44, 39)
(474, 39)
(259, 458)
(216, 361)
(51, 370)
(486, 268)
(289, 418)
(53, 349)
(29, 291)
(549, 463)
(77, 497)
(185, 193)
(454, 90)
(370, 464)
(211, 351)
(319, 216)
(424, 18)
(609, 300)
(611, 140)
(156, 191)
(395, 71)
(610, 384)
(362, 460)
(80, 408)
(392, 324)
(117, 240)
(594, 262)
(405, 395)
(73, 388)
(542, 142)
(79, 455)
(403, 71)
(251, 337)
(248, 218)
(408, 424)
(520, 176)
(634, 128)
(412, 268)
(635, 252)
(320, 324)
(364, 263)
(136, 455)
(11, 386)
(606, 122)
(368, 471)
(441, 87)
(687, 130)
(408, 62)
(460, 105)
(323, 470)
(178, 15)
(608, 134)
(356, 48)
(727, 458)
(332, 334)
(318, 262)
(170, 135)
(373, 496)
(24, 339)
(659, 240)
(751, 489)
(306, 94)
(39, 245)
(279, 37)
(555, 406)
(94, 256)
(542, 277)
(19, 125)
(407, 493)
(724, 361)
(419, 340)
(1, 80)
(332, 274)
(567, 434)
(672, 468)
(741, 274)
(195, 107)
(706, 366)
(685, 199)
(741, 316)
(352, 458)
(145, 208)
(451, 146)
(92, 184)
(142, 45)
(6, 434)
(546, 493)
(133, 154)
(108, 82)
(534, 331)
(53, 470)
(509, 393)
(690, 176)
(589, 92)
(75, 138)
(281, 199)
(143, 321)
(274, 335)
(401, 226)
(247, 143)
(511, 102)
(2, 467)
(87, 52)
(677, 53)
(644, 450)
(349, 448)
(652, 221)
(286, 267)
(100, 496)
(444, 367)
(61, 458)
(348, 386)
(619, 386)
(554, 274)
(624, 106)
(334, 23)
(54, 81)
(675, 483)
(456, 142)
(372, 484)
(442, 10)
(674, 473)
(89, 317)
(90, 501)
(423, 463)
(451, 456)
(378, 252)
(530, 132)
(706, 378)
(502, 178)
(83, 30)
(581, 172)
(172, 226)
(706, 18)
(172, 353)
(669, 427)
(96, 324)
(747, 140)
(380, 150)
(62, 122)
(268, 436)
(76, 322)
(335, 66)
(174, 247)
(239, 277)
(333, 275)
(502, 40)
(514, 496)
(159, 171)
(314, 463)
(385, 60)
(571, 130)
(507, 137)
(361, 413)
(243, 145)
(369, 338)
(235, 454)
(186, 292)
(139, 489)
(244, 107)
(404, 436)
(691, 494)
(285, 134)
(608, 21)
(112, 466)
(384, 168)
(516, 45)
(200, 343)
(528, 128)
(180, 367)
(545, 422)
(109, 26)
(2, 128)
(105, 43)
(230, 186)
(445, 30)
(727, 299)
(714, 69)
(280, 322)
(90, 196)
(747, 6)
(281, 331)
(747, 241)
(731, 400)
(32, 294)
(734, 52)
(41, 458)
(708, 135)
(743, 261)
(45, 274)
(94, 146)
(609, 95)
(748, 360)
(548, 162)
(617, 395)
(607, 247)
(46, 373)
(556, 310)
(741, 208)
(421, 322)
(444, 379)
(86, 403)
(13, 264)
(426, 340)
(70, 384)
(5, 147)
(291, 364)
(722, 63)
(543, 292)
(198, 234)
(671, 497)
(557, 451)
(209, 405)
(405, 431)
(473, 32)
(188, 222)
(239, 39)
(65, 79)
(236, 173)
(423, 228)
(444, 403)
(238, 407)
(731, 128)
(302, 444)
(314, 69)
(679, 400)
(650, 77)
(422, 181)
(75, 305)
(154, 412)
(13, 15)
(164, 477)
(522, 22)
(401, 89)
(393, 347)
(691, 120)
(555, 53)
(563, 35)
(506, 444)
(505, 49)
(110, 46)
(621, 384)
(197, 182)
(674, 477)
(115, 126)
(515, 30)
(339, 265)
(697, 271)
(224, 318)
(294, 49)
(346, 424)
(62, 317)
(601, 85)
(289, 295)
(26, 198)
(613, 348)
(346, 351)
(627, 398)
(626, 185)
(475, 1)
(748, 124)
(596, 17)
(476, 396)
(82, 219)
(648, 150)
(497, 272)
(606, 342)
(118, 264)
(146, 118)
(479, 93)
(462, 326)
(105, 475)
(675, 222)
(305, 155)
(178, 419)
(532, 258)
(497, 421)
(600, 187)
(347, 192)
(544, 26)
(105, 398)
(540, 43)
(345, 90)
(58, 376)
(210, 49)
(257, 479)
(652, 97)
(434, 123)
(112, 247)
(242, 487)
(260, 257)
(633, 265)
(435, 26)
(659, 432)
(687, 443)
(39, 206)
(687, 435)
(192, 465)
(597, 153)
(474, 251)
(133, 452)
(752, 371)
(131, 219)
(264, 248)
(400, 353)
(124, 54)
(480, 62)
(263, 294)
(583, 121)
(26, 269)
(726, 438)
(297, 132)
(99, 83)
(717, 180)
(86, 308)
(575, 434)
(109, 460)
(44, 106)
(252, 374)
(107, 304)
(348, 16)
(506, 96)
(742, 299)
(688, 325)
(138, 60)
(205, 173)
(110, 487)
(522, 214)
(647, 145)
(258, 78)
(195, 399)
(331, 281)
(441, 409)
(145, 486)
(417, 170)
(320, 169)
(480, 212)
(104, 29)
(710, 86)
(682, 180)
(478, 243)
(49, 152)
(315, 93)
(456, 408)
(336, 360)
(682, 456)
(420, 7)
(405, 416)
(328, 71)
(103, 376)
(739, 443)
(191, 80)
(313, 283)
(305, 435)
(87, 452)
(758, 95)
(181, 124)
(122, 295)
(660, 255)
(34, 205)
(626, 222)
(752, 390)
(599, 479)
(601, 275)
(259, 151)
(685, 286)
(385, 355)
(264, 64)
(292, 363)
(130, 233)
(99, 75)
(370, 490)
(723, 420)
(609, 263)
(512, 17)
(478, 356)
(349, 116)
(83, 320)
(288, 154)
(206, 78)
(713, 90)
(712, 325)
(715, 172)
(558, 361)
(22, 374)
(105, 161)
(94, 400)
(450, 353)
(681, 158)
(17, 79)
(51, 329)
(396, 487)
(518, 164)
(639, 469)
(79, 502)
(143, 402)
(96, 220)
(643, 46)
(642, 444)
(25, 180)
(575, 45)
(455, 56)
(647, 161)
(428, 62)
(215, 232)
(116, 490)
(313, 400)
(551, 26)
(253, 304)
(405, 38)
(183, 137)
(611, 160)
(347, 323)
(449, 8)
(173, 98)
(691, 29)
(620, 70)
(375, 329)
(103, 382)
(17, 352)
(71, 256)
(695, 311)
(14, 462)
(162, 50)
(621, 340)
(110, 230)
(493, 115)
(443, 251)
(750, 460)
(279, 95)
(654, 458)
(429, 421)
(300, 88)
(749, 168)
(256, 280)
(377, 350)
(282, 471)
(21, 73)
(660, 265)
(678, 431)
(37, 152)
(198, 354)
(352, 180)
(427, 243)
(459, 462)
(258, 32)
(464, 258)
(375, 54)
(224, 252)
(740, 58)
(255, 202)
(116, 462)
(261, 452)
(718, 142)
(292, 97)
(357, 183)
(91, 68)
(456, 44)
(374, 202)
(747, 491)
(455, 27)
(8, 173)
(540, 292)
(315, 7)
(727, 501)
(50, 199)
(461, 321)
(743, 386)
(539, 93)
(100, 453)
(390, 175)
(268, 35)
(311, 285)
(542, 351)
(584, 23)
(519, 345)
(59, 107)
(362, 414)
(488, 146)
(411, 16)
(382, 155)
(643, 370)
(597, 166)
(439, 48)
(435, 239)
(9, 206)
(422, 66)
(495, 271)
(441, 6)
(717, 218)
(60, 422)
(685, 282)
(252, 65)
(376, 465)
(193, 138)
(626, 370)
(189, 219)
(275, 407)
(63, 156)
(550, 351)
(487, 431)
(254, 140)
(12, 414)
(32, 402)
(613, 363)
(369, 227)
(242, 337)
(362, 496)
(77, 25)
(281, 342)
(91, 406)
(345, 147)
(341, 265)
(214, 231)
(189, 438)
(595, 100)
(170, 62)
(552, 465)
(592, 347)
(708, 328)
(628, 416)
(291, 440)
(370, 369)
(415, 256)
(456, 305)
(665, 158)
(750, 100)
(705, 231)
(160, 16)
(544, 161)
(313, 307)
(556, 440)
(474, 408)
(328, 247)
(600, 279)
(573, 216)
(72, 315)
(626, 63)
(701, 43)
(239, 65)
(596, 445)
(176, 416)
(128, 351)
(653, 312)
(204, 323)
(599, 216)
(346, 245)
(408, 84)
(105, 11)
(65, 3)
(525, 224)
(639, 353)
(283, 59)
(589, 104)
(511, 251)
(709, 253)
(564, 105)
(565, 243)
(257, 289)
(245, 360)
(41, 217)
(191, 77)
(494, 450)
(363, 287)
(9, 67)
(288, 445)
(429, 120)
(256, 155)
(332, 395)
(458, 378)
(41, 300)
(474, 385)
(260, 307)
(622, 219)
(726, 84)
(82, 419)
(728, 296)
(633, 499)
(325, 257)
(606, 135)
(748, 169)
(1, 260)
(58, 215)
(446, 182)
(517, 16)
(175, 136)
(457, 123)
(89, 18)
(527, 57)
(161, 117)
(682, 105)
(350, 283)
(425, 215)
(86, 206)
(200, 214)
(746, 72)
(550, 245)
(498, 481)
(310, 104)
(55, 386)
(289, 372)
(166, 274)
(67, 361)
(225, 456)
(207, 268)
(350, 465)
(135, 204)
(152, 59)
(235, 356)
(480, 248)
(593, 416)
(521, 412)
(417, 430)
(65, 272)
(418, 311)
(624, 458)
(612, 60)
(415, 54)
(476, 197)
(184, 316)
(7, 249)
(669, 192)
(5, 160)
(684, 129)
(659, 430)
(478, 199)
(497, 24)
(287, 410)
(180, 409)
(207, 251)
(192, 422)
(552, 7)
(39, 118)
(485, 205)
(568, 273)
(146, 207)
(373, 194)
(734, 147)
(138, 18)
(521, 138)
(752, 28)
(582, 60)
(303, 289)
(182, 379)
(36, 22)
(175, 204)
(88, 141)
(455, 139)
(43, 232)
(674, 265)
(567, 320)
(176, 407)
(221, 43)
(617, 50)
(477, 18)
(244, 138)
(448, 27)
(389, 460)
(696, 251)
(93, 93)
(426, 356)
(458, 217)
(590, 270)
(380, 329)
(318, 228)
(655, 165)
(100, 455)
(645, 393)
(145, 32)
(571, 337)
(81, 228)
(616, 184)
(546, 353)
(105, 243)
(610, 57)
(448, 313)
(635, 390)
(662, 124)
(683, 232)
(283, 422)
(277, 72)
(476, 215)
(112, 290)
(445, 127)
(39, 19)
(370, 274)
(635, 127)
(350, 45)
(241, 87)
(401, 229)
(438, 73)
(642, 366)
(565, 200)
(406, 373)
(362, 251)
(291, 392)
(330, 171)
(302, 324)
(550, 461)
(292, 501)
(104, 259)
(309, 442)
(251, 304)
(733, 22)
(468, 260)
(347, 371)
(244, 315)
(413, 285)
(93, 435)
(206, 236)
(240, 171)
(553, 363)
(283, 231)
(420, 125)
(183, 480)
(299, 108)
(81, 313)
(192, 94)
(622, 104)
(365, 252)
(135, 106)
(670, 272)
(703, 462)
(401, 75)
(34, 104)
(192, 376)
(202, 262)
(523, 44)
(520, 360)
(685, 490)
(651, 234)
(272, 25)
(478, 97)
(574, 199)
(489, 270)
(695, 311)
(49, 238)
(192, 307)
(373, 128)
(468, 409)
(174, 236)
(672, 308)
(54, 52)
(708, 199)
(159, 168)
(248, 80)
(90, 216)
(137, 66)
(449, 206)
(327, 395)
(524, 445)
(599, 65)
(342, 469)
(560, 185)
(512, 323)
(305, 425)
(103, 377)
(743, 303)
(387, 375)
(496, 404)
(280, 319)
(663, 410)
(172, 195)
(480, 55)
(495, 93)
(99, 231)
(318, 26)
(205, 348)
(362, 73)
(289, 208)
(708, 484)
(573, 156)
(28, 126)
(535, 12)
(266, 257)
(308, 440)
(504, 278)
(100, 337)
(292, 498)
(124, 69)
(44, 388)
(128, 256)
(42, 313)
(673, 151)
(167, 42)
(720, 180)
(298, 340)
(514, 363)
(652, 195)
(453, 360)
(533, 125)
(565, 444)
(605, 433)
(133, 84)
(103, 143)
(456, 284)
(679, 316)
(552, 276)
(397, 328)
(364, 462)
(427, 248)
(241, 269)
(533, 346)
(634, 292)
(211, 396)
(584, 313)
(318, 295)
(309, 84)
(28, 392)
(69, 463)
(76, 434)
(569, 133)
(40, 296)
(409, 160)
(63, 319)
(635, 63)
(475, 221)
(215, 156)
(394, 436)
(339, 255)
(726, 488)
(636, 25)
(739, 68)
(463, 122)
(130, 480)
(552, 159)
(743, 159)
(658, 495)
(712, 492)
(552, 298)
(329, 175)
(303, 84)
(363, 19)
(502, 330)
(528, 44)
(580, 50)
(12, 353)
(79, 297)
(645, 498)
(644, 109)
(54, 223)
(299, 92)
(705, 460)
(628, 204)
(70, 428)
(690, 160)
(219, 14)
(98, 269)
(334, 408)
(178, 478)
(473, 122)
(486, 193)
(304, 258)
(297, 307)
(692, 216)
(632, 375)
(295, 478)
(545, 176)
(67, 429)
(398, 10)
(460, 385)
(419, 306)
(197, 160)
(644, 41)
(235, 282)
(745, 245)
(559, 18)
(543, 172)
(662, 257)
(717, 106)
(616, 45)
(464, 491)
(317, 263)
(433, 295)
(734, 294)
(136, 375)
(716, 314)
(579, 230)
(700, 152)
(57, 438)
(460, 463)
(380, 88)
(748, 441)
(58, 303)
(249, 322)
(525, 398)
(346, 200)
(362, 347)
(5, 195)
(655, 452)
(407, 19)
(613, 10)
(615, 477)
(413, 353)
(702, 165)
(11, 488)
(647, 274)
(639, 185)
(614, 11)
(648, 420)
(413, 237)
(221, 71)
(5, 392)
(703, 373)
(57, 444)
(460, 429)
(440, 47)
(470, 214)
(724, 313)
(557, 145)
(548, 90)
(380, 135)
(707, 47)
(194, 405)
(641, 37)
(80, 211)
(503, 389)
(620, 215)
(387, 208)
(671, 180)
(120, 114)
(440, 229)
(99, 240)
(678, 360)
(750, 8)
(435, 479)
(111, 430)
(142, 85)
(568, 198)
(343, 471)
(545, 129)
(607, 500)
(592, 283)
(377, 138)
(243, 68)
(405, 317)
(169, 103)
(361, 481)
(649, 125)
(535, 49)
(432, 450)
(518, 104)
(215, 127)
(456, 22)
(421, 30)
(378, 238)
(649, 350)
(137, 289)
(38, 438)
(41, 407)
(642, 187)
(367, 423)
(165, 95)
(54, 326)
(304, 363)
(5, 471)
(741, 461)
(563, 387)
(693, 229)
(417, 445)
(348, 194)
(431, 134)
(631, 138)
(448, 495)
(458, 116)
(715, 389)
